9.210526315789473450e-01 9.649122807017543879e-01 9.473684210526315264e-01 9.561403508771929571e-01 9.561403508771929571e-01 9.561403508771929571e-01 8.947368421052631637e-01 9.298245614035087758e-01 9.473684210526315264e-01 9.736842105263158187e-01 9.473684210526315264e-01 9.298245614035087758e-01 9.649122807017543879e-01 9.649122807017543879e-01 9.649122807017543879e-01 9.736842105263158187e-01 9.649122807017543879e-01 9.649122807017543879e-01 9.649122807017543879e-01 9.561403508771929571e-01
9.473684210526315264e-01 9.385964912280702066e-01 9.473684210526315264e-01 9.298245614035087758e-01 9.298245614035087758e-01 9.649122807017543879e-01 9.385964912280702066e-01 9.385964912280702066e-01 9.473684210526315264e-01 9.561403508771929571e-01 9.561403508771929571e-01 9.561403508771929571e-01 9.649122807017543879e-01 9.649122807017543879e-01 9.649122807017543879e-01 9.736842105263158187e-01 9.649122807017543879e-01 9.649122807017543879e-01 9.649122807017543879e-01 9.649122807017543879e-01
9.561403508771929571e-01 9.385964912280702066e-01 9.298245614035087758e-01 9.298245614035087758e-01 9.473684210526315264e-01 9.298245614035087758e-01 9.473684210526315264e-01 9.298245614035087758e-01 9.473684210526315264e-01 9.473684210526315264e-01 9.561403508771929571e-01 9.561403508771929571e-01 9.649122807017543879e-01 9.649122807017543879e-01 9.649122807017543879e-01 9.736842105263158187e-01 9.736842105263158187e-01 9.561403508771929571e-01 9.561403508771929571e-01 9.561403508771929571e-01
9.561403508771929571e-01 9.385964912280702066e-01 9.385964912280702066e-01 9.473684210526315264e-01 9.298245614035087758e-01 9.210526315789473450e-01 9.473684210526315264e-01 9.473684210526315264e-01 9.473684210526315264e-01 9.473684210526315264e-01 9.473684210526315264e-01 9.561403508771929571e-01 9.649122807017543879e-01 9.649122807017543879e-01 9.649122807017543879e-01 9.649122807017543879e-01 9.649122807017543879e-01 9.561403508771929571e-01 9.736842105263158187e-01 9.736842105263158187e-01
9.385964912280702066e-01 9.473684210526315264e-01 9.298245614035087758e-01 9.473684210526315264e-01 9.473684210526315264e-01 9.473684210526315264e-01 9.473684210526315264e-01 9.473684210526315264e-01 9.473684210526315264e-01 9.473684210526315264e-01 9.561403508771929571e-01 9.561403508771929571e-01 9.649122807017543879e-01 9.649122807017543879e-01 9.649122807017543879e-01 9.649122807017543879e-01 9.649122807017543879e-01 9.649122807017543879e-01 9.385964912280702066e-01 9.122807017543859143e-01
9.473684210526315264e-01 9.473684210526315264e-01 9.473684210526315264e-01 9.385964912280702066e-01 9.473684210526315264e-01 9.473684210526315264e-01 9.473684210526315264e-01 9.473684210526315264e-01 9.473684210526315264e-01 9.473684210526315264e-01 9.561403508771929571e-01 9.561403508771929571e-01 9.561403508771929571e-01 9.649122807017543879e-01 9.649122807017543879e-01 9.561403508771929571e-01 9.561403508771929571e-01 9.649122807017543879e-01 9.473684210526315264e-01 9.035087719298245945e-01
9.298245614035087758e-01 9.385964912280702066e-01 9.385964912280702066e-01 9.473684210526315264e-01 9.473684210526315264e-01 9.473684210526315264e-01 9.473684210526315264e-01 9.473684210526315264e-01 9.473684210526315264e-01 9.561403508771929571e-01 9.649122807017543879e-01 9.649122807017543879e-01 9.473684210526315264e-01 9.736842105263158187e-01 9.298245614035087758e-01 9.385964912280702066e-01 9.385964912280702066e-01 6.228070175438596978e-01 7.631578947368421462e-01 8.771929824561403022e-01
9.385964912280702066e-01 9.385964912280702066e-01 9.473684210526315264e-01 9.473684210526315264e-01 9.473684210526315264e-01 9.473684210526315264e-01 9.473684210526315264e-01 9.385964912280702066e-01 9.473684210526315264e-01 9.473684210526315264e-01 9.473684210526315264e-01 9.736842105263158187e-01 9.736842105263158187e-01 9.736842105263158187e-01 8.684210526315789824e-01 9.210526315789473450e-01 7.807017543859648967e-01 7.982456140350877583e-01 7.982456140350877583e-01 0.000000000000000000e+00
9.473684210526315264e-01 9.473684210526315264e-01 9.473684210526315264e-01 9.473684210526315264e-01 9.473684210526315264e-01 9.473684210526315264e-01 9.385964912280702066e-01 9.473684210526315264e-01 9.385964912280702066e-01 9.649122807017543879e-01 7.719298245614034659e-01 9.385964912280702066e-01 9.298245614035087758e-01 9.385964912280702066e-01 7.982456140350877583e-01 8.771929824561403022e-01 7.982456140350877583e-01 0.000000000000000000e+00 0.000000000000000000e+00 0.000000000000000000e+00
9.473684210526315264e-01 9.473684210526315264e-01 9.473684210526315264e-01 9.473684210526315264e-01 9.473684210526315264e-01 9.385964912280702066e-01 9.473684210526315264e-01 9.649122807017543879e-01 9.122807017543859143e-01 8.245614035087719396e-01 9.473684210526315264e-01 9.035087719298245945e-01 9.210526315789473450e-01 9.210526315789473450e-01 9.122807017543859143e-01 8.771929824561403022e-01 0.000000000000000000e+00 0.000000000000000000e+00 0.000000000000000000e+00 0.000000000000000000e+00
9.473684210526315264e-01 9.473684210526315264e-01 9.473684210526315264e-01 9.561403508771929571e-01 8.947368421052631637e-01 8.947368421052631637e-01 9.298245614035087758e-01 9.210526315789473450e-01 9.736842105263158187e-01 8.947368421052631637e-01 8.508771929824561209e-01 9.210526315789473450e-01 9.385964912280702066e-01 1.140350877192982393e-01 0.000000000000000000e+00 0.000000000000000000e+00 0.000000000000000000e+00 0.000000000000000000e+00 0.000000000000000000e+00 0.000000000000000000e+00
