9.561403508771929571e-01
9.649122807017543879e-01
9.649122807017543879e-01
9.649122807017543879e-01
9.649122807017543879e-01
9.649122807017543879e-01
9.649122807017543879e-01
9.649122807017543879e-01
9.649122807017543879e-01
9.649122807017543879e-01
9.561403508771929571e-01
9.649122807017543879e-01
9.649122807017543879e-01
9.649122807017543879e-01
9.649122807017543879e-01
9.649122807017543879e-01
9.649122807017543879e-01
9.561403508771929571e-01
9.561403508771929571e-01
9.561403508771929571e-01
