8.684210526315789824e-01 8.947368421052631637e-01 8.771929824561403022e-01 9.035087719298245945e-01 8.947368421052631637e-01 9.210526315789473450e-01 8.947368421052631637e-01 9.035087719298245945e-01 9.035087719298245945e-01 9.035087719298245945e-01 9.122807017543859143e-01 8.947368421052631637e-01 9.035087719298245945e-01 8.684210526315789824e-01 8.771929824561403022e-01 8.947368421052631637e-01 8.157894736842105088e-01 8.508771929824561209e-01 7.982456140350877583e-01 3.947368421052631637e-01
7.543859649122807154e-01 8.684210526315789824e-01 8.947368421052631637e-01 9.035087719298245945e-01 8.947368421052631637e-01 8.596491228070175517e-01 8.684210526315789824e-01 7.368421052631578538e-01 8.947368421052631637e-01 8.771929824561403022e-01 8.859649122807017330e-01 7.894736842105263275e-01 8.947368421052631637e-01 8.947368421052631637e-01 8.684210526315789824e-01 5.526315789473684736e-01 8.947368421052631637e-01 8.859649122807017330e-01 7.982456140350877583e-01 3.947368421052631637e-01
9.035087719298245945e-01 9.210526315789473450e-01 7.894736842105263275e-01 8.947368421052631637e-01 8.859649122807017330e-01 8.859649122807017330e-01 8.859649122807017330e-01 8.947368421052631637e-01 7.894736842105263275e-01 7.631578947368421462e-01 8.859649122807017330e-01 8.859649122807017330e-01 8.070175438596490780e-01 4.385964912280701511e-01 5.087719298245614308e-01 9.035087719298245945e-01 9.035087719298245945e-01 6.052631578947368363e-01 3.947368421052631637e-01 6.140350877192982670e-01
8.684210526315789824e-01 8.947368421052631637e-01 8.684210526315789824e-01 8.947368421052631637e-01 8.947368421052631637e-01 7.807017543859648967e-01 9.035087719298245945e-01 9.210526315789473450e-01 8.070175438596490780e-01 9.035087719298245945e-01 9.035087719298245945e-01 9.035087719298245945e-01 8.771929824561403022e-01 8.771929824561403022e-01 6.052631578947368363e-01 8.596491228070175517e-01 3.947368421052631637e-01 3.947368421052631637e-01 9.035087719298245945e-01 6.052631578947368363e-01
8.947368421052631637e-01 6.315789473684210176e-01 9.035087719298245945e-01 8.333333333333333703e-01 9.035087719298245945e-01 8.771929824561403022e-01 8.947368421052631637e-01 8.771929824561403022e-01 9.035087719298245945e-01 8.947368421052631637e-01 9.035087719298245945e-01 8.771929824561403022e-01 3.947368421052631637e-01 7.368421052631578538e-01 6.052631578947368363e-01 3.947368421052631637e-01 3.947368421052631637e-01 3.947368421052631637e-01 3.947368421052631637e-01 3.947368421052631637e-01
9.035087719298245945e-01 8.771929824561403022e-01 8.947368421052631637e-01 8.684210526315789824e-01 8.771929824561403022e-01 9.035087719298245945e-01 8.684210526315789824e-01 8.947368421052631637e-01 8.859649122807017330e-01 7.982456140350877583e-01 8.245614035087719396e-01 6.403508771929824483e-01 8.947368421052631637e-01 8.070175438596490780e-01 3.947368421052631637e-01 3.947368421052631637e-01 6.052631578947368363e-01 6.052631578947368363e-01 3.947368421052631637e-01 3.947368421052631637e-01
8.684210526315789824e-01 8.947368421052631637e-01 9.035087719298245945e-01 9.035087719298245945e-01 8.070175438596490780e-01 6.228070175438596978e-01 8.947368421052631637e-01 4.385964912280701511e-01 8.947368421052631637e-01 8.421052631578946901e-01 9.210526315789473450e-01 8.859649122807017330e-01 3.947368421052631637e-01 6.052631578947368363e-01 8.421052631578946901e-01 3.947368421052631637e-01 6.052631578947368363e-01 3.947368421052631637e-01 3.947368421052631637e-01 6.052631578947368363e-01
8.771929824561403022e-01 8.684210526315789824e-01 8.947368421052631637e-01 8.859649122807017330e-01 9.122807017543859143e-01 9.035087719298245945e-01 7.456140350877192846e-01 8.596491228070175517e-01 9.122807017543859143e-01 8.859649122807017330e-01 4.298245614035087758e-01 3.947368421052631637e-01 8.596491228070175517e-01 6.052631578947368363e-01 3.947368421052631637e-01 3.947368421052631637e-01 6.052631578947368363e-01 6.052631578947368363e-01 6.052631578947368363e-01 6.052631578947368363e-01
9.035087719298245945e-01 8.859649122807017330e-01 4.210526315789473450e-01 8.508771929824561209e-01 8.947368421052631637e-01 9.035087719298245945e-01 8.771929824561403022e-01 8.333333333333333703e-01 3.947368421052631637e-01 3.947368421052631637e-01 6.052631578947368363e-01 6.052631578947368363e-01 6.052631578947368363e-01 3.947368421052631637e-01 6.052631578947368363e-01 3.947368421052631637e-01 6.052631578947368363e-01 6.052631578947368363e-01 6.052631578947368363e-01 6.052631578947368363e-01
5.964912280701754055e-01 6.842105263157894912e-01 8.859649122807017330e-01 8.771929824561403022e-01 9.122807017543859143e-01 9.210526315789473450e-01 6.140350877192982670e-01 6.052631578947368363e-01 3.947368421052631637e-01 3.947368421052631637e-01 3.947368421052631637e-01 3.947368421052631637e-01 3.947368421052631637e-01 6.052631578947368363e-01 3.947368421052631637e-01 6.052631578947368363e-01 3.947368421052631637e-01 3.947368421052631637e-01 6.052631578947368363e-01 6.052631578947368363e-01
9.122807017543859143e-01 6.491228070175438791e-01 8.245614035087719396e-01 3.947368421052631637e-01 3.947368421052631637e-01 9.210526315789473450e-01 6.052631578947368363e-01 6.052631578947368363e-01 9.210526315789473450e-01 3.947368421052631637e-01 3.947368421052631637e-01 6.052631578947368363e-01 3.947368421052631637e-01 6.052631578947368363e-01 3.947368421052631637e-01 3.947368421052631637e-01 6.052631578947368363e-01 6.052631578947368363e-01 3.947368421052631637e-01 3.947368421052631637e-01
