0.000000000000000000e+00 0.000000000000000000e+00 0.000000000000000000e+00 0.000000000000000000e+00 0.000000000000000000e+00 0.000000000000000000e+00 0.000000000000000000e+00 0.000000000000000000e+00 0.000000000000000000e+00 0.000000000000000000e+00 0.000000000000000000e+00 0.000000000000000000e+00 0.000000000000000000e+00 0.000000000000000000e+00 0.000000000000000000e+00 4.035087719298245390e-01 0.000000000000000000e+00 5.964912280701754055e-01 5.964912280701754055e-01 5.964912280701754055e-01
0.000000000000000000e+00 0.000000000000000000e+00 0.000000000000000000e+00 0.000000000000000000e+00 0.000000000000000000e+00 0.000000000000000000e+00 0.000000000000000000e+00 0.000000000000000000e+00 0.000000000000000000e+00 0.000000000000000000e+00 0.000000000000000000e+00 0.000000000000000000e+00 0.000000000000000000e+00 0.000000000000000000e+00 0.000000000000000000e+00 0.000000000000000000e+00 0.000000000000000000e+00 5.964912280701754055e-01 5.964912280701754055e-01 5.964912280701754055e-01
4.035087719298245390e-01 4.035087719298245390e-01 4.035087719298245390e-01 4.035087719298245390e-01 4.035087719298245390e-01 4.035087719298245390e-01 0.000000000000000000e+00 0.000000000000000000e+00 0.000000000000000000e+00 0.000000000000000000e+00 0.000000000000000000e+00 0.000000000000000000e+00 0.000000000000000000e+00 0.000000000000000000e+00 0.000000000000000000e+00 4.035087719298245390e-01 0.000000000000000000e+00 5.964912280701754055e-01 5.964912280701754055e-01 5.964912280701754055e-01
4.035087719298245390e-01 4.035087719298245390e-01 4.035087719298245390e-01 4.035087719298245390e-01 4.035087719298245390e-01 4.035087719298245390e-01 4.035087719298245390e-01 4.035087719298245390e-01 4.035087719298245390e-01 4.035087719298245390e-01 4.035087719298245390e-01 0.000000000000000000e+00 0.000000000000000000e+00 0.000000000000000000e+00 0.000000000000000000e+00 0.000000000000000000e+00 4.035087719298245390e-01 5.964912280701754055e-01 5.964912280701754055e-01 5.964912280701754055e-01
0.000000000000000000e+00 0.000000000000000000e+00 0.000000000000000000e+00 0.000000000000000000e+00 0.000000000000000000e+00 0.000000000000000000e+00 0.000000000000000000e+00 0.000000000000000000e+00 0.000000000000000000e+00 0.000000000000000000e+00 0.000000000000000000e+00 0.000000000000000000e+00 0.000000000000000000e+00 0.000000000000000000e+00 0.000000000000000000e+00 0.000000000000000000e+00 4.035087719298245390e-01 5.964912280701754055e-01 5.964912280701754055e-01 4.035087719298245390e-01
0.000000000000000000e+00 0.000000000000000000e+00 0.000000000000000000e+00 0.000000000000000000e+00 0.000000000000000000e+00 0.000000000000000000e+00 0.000000000000000000e+00 0.000000000000000000e+00 0.000000000000000000e+00 0.000000000000000000e+00 0.000000000000000000e+00 0.000000000000000000e+00 0.000000000000000000e+00 0.000000000000000000e+00 0.000000000000000000e+00 0.000000000000000000e+00 4.035087719298245390e-01 4.035087719298245390e-01 4.035087719298245390e-01 4.035087719298245390e-01
0.000000000000000000e+00 0.000000000000000000e+00 0.000000000000000000e+00 0.000000000000000000e+00 0.000000000000000000e+00 0.000000000000000000e+00 0.000000000000000000e+00 0.000000000000000000e+00 0.000000000000000000e+00 0.000000000000000000e+00 0.000000000000000000e+00 4.035087719298245390e-01 4.035087719298245390e-01 4.035087719298245390e-01 4.035087719298245390e-01 4.035087719298245390e-01 4.035087719298245390e-01 4.035087719298245390e-01 4.035087719298245390e-01 4.035087719298245390e-01
4.035087719298245390e-01 4.035087719298245390e-01 4.035087719298245390e-01 4.035087719298245390e-01 4.035087719298245390e-01 4.035087719298245390e-01 4.035087719298245390e-01 4.035087719298245390e-01 4.035087719298245390e-01 4.035087719298245390e-01 4.035087719298245390e-01 4.035087719298245390e-01 4.035087719298245390e-01 4.035087719298245390e-01 4.035087719298245390e-01 4.035087719298245390e-01 4.035087719298245390e-01 4.035087719298245390e-01 4.035087719298245390e-01 0.000000000000000000e+00
0.000000000000000000e+00 0.000000000000000000e+00 0.000000000000000000e+00 0.000000000000000000e+00 0.000000000000000000e+00 0.000000000000000000e+00 0.000000000000000000e+00 0.000000000000000000e+00 0.000000000000000000e+00 0.000000000000000000e+00 0.000000000000000000e+00 0.000000000000000000e+00 0.000000000000000000e+00 4.035087719298245390e-01 4.035087719298245390e-01 4.035087719298245390e-01 4.035087719298245390e-01 0.000000000000000000e+00 0.000000000000000000e+00 0.000000000000000000e+00
0.000000000000000000e+00 0.000000000000000000e+00 0.000000000000000000e+00 0.000000000000000000e+00 0.000000000000000000e+00 0.000000000000000000e+00 0.000000000000000000e+00 0.000000000000000000e+00 0.000000000000000000e+00 0.000000000000000000e+00 0.000000000000000000e+00 0.000000000000000000e+00 0.000000000000000000e+00 4.035087719298245390e-01 4.035087719298245390e-01 0.000000000000000000e+00 0.000000000000000000e+00 0.000000000000000000e+00 0.000000000000000000e+00 0.000000000000000000e+00
0.000000000000000000e+00 0.000000000000000000e+00 0.000000000000000000e+00 0.000000000000000000e+00 0.000000000000000000e+00 0.000000000000000000e+00 0.000000000000000000e+00 0.000000000000000000e+00 0.000000000000000000e+00 0.000000000000000000e+00 0.000000000000000000e+00 0.000000000000000000e+00 4.035087719298245390e-01 4.035087719298245390e-01 0.000000000000000000e+00 0.000000000000000000e+00 0.000000000000000000e+00 0.000000000000000000e+00 0.000000000000000000e+00 0.000000000000000000e+00
