7.105263157894736725e-01 7.105263157894736725e-01 7.105263157894736725e-01 7.105263157894736725e-01 7.105263157894736725e-01 7.105263157894736725e-01 7.105263157894736725e-01 7.105263157894736725e-01 7.105263157894736725e-01 7.105263157894736725e-01 7.105263157894736725e-01 7.105263157894736725e-01 7.105263157894736725e-01 7.105263157894736725e-01 7.105263157894736725e-01 7.105263157894736725e-01 7.105263157894736725e-01 7.017543859649122417e-01 6.842105263157894912e-01 6.842105263157894912e-01
8.421052631578946901e-01 8.421052631578946901e-01 8.421052631578946901e-01 8.421052631578946901e-01 8.421052631578946901e-01 8.421052631578946901e-01 8.421052631578946901e-01 8.421052631578946901e-01 8.421052631578946901e-01 8.421052631578946901e-01 8.421052631578946901e-01 8.421052631578946901e-01 8.333333333333333703e-01 8.333333333333333703e-01 8.245614035087719396e-01 8.245614035087719396e-01 8.333333333333333703e-01 8.070175438596490780e-01 7.543859649122807154e-01 6.666666666666666297e-01
8.859649122807017330e-01 8.859649122807017330e-01 8.859649122807017330e-01 8.859649122807017330e-01 8.859649122807017330e-01 8.859649122807017330e-01 8.859649122807017330e-01 8.859649122807017330e-01 8.859649122807017330e-01 8.859649122807017330e-01 8.859649122807017330e-01 8.859649122807017330e-01 8.771929824561403022e-01 8.771929824561403022e-01 8.684210526315789824e-01 8.508771929824561209e-01 7.894736842105263275e-01 6.578947368421053099e-01 5.614035087719297934e-01 5.614035087719297934e-01
4.385964912280701511e-01 4.385964912280701511e-01 4.385964912280701511e-01 4.385964912280701511e-01 4.385964912280701511e-01 4.385964912280701511e-01 4.385964912280701511e-01 4.385964912280701511e-01 4.385964912280701511e-01 4.385964912280701511e-01 4.385964912280701511e-01 4.385964912280701511e-01 4.385964912280701511e-01 4.385964912280701511e-01 4.385964912280701511e-01 0.000000000000000000e+00 7.982456140350877583e-01 5.614035087719297934e-01 5.614035087719297934e-01 5.614035087719297934e-01
0.000000000000000000e+00 0.000000000000000000e+00 0.000000000000000000e+00 0.000000000000000000e+00 0.000000000000000000e+00 0.000000000000000000e+00 0.000000000000000000e+00 0.000000000000000000e+00 0.000000000000000000e+00 0.000000000000000000e+00 0.000000000000000000e+00 0.000000000000000000e+00 0.000000000000000000e+00 0.000000000000000000e+00 0.000000000000000000e+00 0.000000000000000000e+00 7.017543859649122417e-01 5.614035087719297934e-01 5.614035087719297934e-01 5.614035087719297934e-01
4.385964912280701511e-01 4.385964912280701511e-01 4.385964912280701511e-01 4.385964912280701511e-01 4.385964912280701511e-01 4.385964912280701511e-01 4.385964912280701511e-01 4.385964912280701511e-01 4.385964912280701511e-01 4.385964912280701511e-01 4.385964912280701511e-01 4.385964912280701511e-01 4.385964912280701511e-01 4.385964912280701511e-01 4.385964912280701511e-01 0.000000000000000000e+00 4.385964912280701511e-01 5.614035087719297934e-01 5.614035087719297934e-01 5.614035087719297934e-01
0.000000000000000000e+00 0.000000000000000000e+00 0.000000000000000000e+00 0.000000000000000000e+00 0.000000000000000000e+00 0.000000000000000000e+00 0.000000000000000000e+00 0.000000000000000000e+00 0.000000000000000000e+00 0.000000000000000000e+00 0.000000000000000000e+00 0.000000000000000000e+00 0.000000000000000000e+00 0.000000000000000000e+00 0.000000000000000000e+00 0.000000000000000000e+00 4.385964912280701511e-01 5.614035087719297934e-01 5.614035087719297934e-01 5.614035087719297934e-01
0.000000000000000000e+00 0.000000000000000000e+00 0.000000000000000000e+00 0.000000000000000000e+00 0.000000000000000000e+00 0.000000000000000000e+00 0.000000000000000000e+00 0.000000000000000000e+00 0.000000000000000000e+00 0.000000000000000000e+00 0.000000000000000000e+00 0.000000000000000000e+00 0.000000000000000000e+00 0.000000000000000000e+00 0.000000000000000000e+00 0.000000000000000000e+00 0.000000000000000000e+00 4.385964912280701511e-01 4.385964912280701511e-01 4.385964912280701511e-01
0.000000000000000000e+00 0.000000000000000000e+00 0.000000000000000000e+00 0.000000000000000000e+00 0.000000000000000000e+00 0.000000000000000000e+00 0.000000000000000000e+00 0.000000000000000000e+00 0.000000000000000000e+00 0.000000000000000000e+00 0.000000000000000000e+00 0.000000000000000000e+00 0.000000000000000000e+00 0.000000000000000000e+00 0.000000000000000000e+00 0.000000000000000000e+00 0.000000000000000000e+00 4.385964912280701511e-01 4.385964912280701511e-01 4.385964912280701511e-01
0.000000000000000000e+00 0.000000000000000000e+00 0.000000000000000000e+00 0.000000000000000000e+00 0.000000000000000000e+00 0.000000000000000000e+00 0.000000000000000000e+00 0.000000000000000000e+00 0.000000000000000000e+00 0.000000000000000000e+00 0.000000000000000000e+00 0.000000000000000000e+00 0.000000000000000000e+00 4.385964912280701511e-01 4.385964912280701511e-01 4.385964912280701511e-01 4.385964912280701511e-01 4.385964912280701511e-01 4.385964912280701511e-01 0.000000000000000000e+00
0.000000000000000000e+00 0.000000000000000000e+00 0.000000000000000000e+00 0.000000000000000000e+00 0.000000000000000000e+00 0.000000000000000000e+00 0.000000000000000000e+00 0.000000000000000000e+00 0.000000000000000000e+00 0.000000000000000000e+00 0.000000000000000000e+00 0.000000000000000000e+00 0.000000000000000000e+00 0.000000000000000000e+00 0.000000000000000000e+00 4.385964912280701511e-01 4.385964912280701511e-01 0.000000000000000000e+00 0.000000000000000000e+00 0.000000000000000000e+00
