7.017543859649122417e-01 7.017543859649122417e-01 7.017543859649122417e-01 7.017543859649122417e-01 7.017543859649122417e-01 7.017543859649122417e-01 7.017543859649122417e-01 7.017543859649122417e-01 7.017543859649122417e-01 7.017543859649122417e-01 7.017543859649122417e-01 7.017543859649122417e-01 7.017543859649122417e-01 6.929824561403509220e-01 6.929824561403509220e-01 6.929824561403509220e-01 6.842105263157894912e-01 6.842105263157894912e-01 6.666666666666666297e-01 6.491228070175438791e-01
8.596491228070175517e-01 8.596491228070175517e-01 8.596491228070175517e-01 8.596491228070175517e-01 8.596491228070175517e-01 8.596491228070175517e-01 8.596491228070175517e-01 8.596491228070175517e-01 8.596491228070175517e-01 8.596491228070175517e-01 8.596491228070175517e-01 8.596491228070175517e-01 8.596491228070175517e-01 8.596491228070175517e-01 8.596491228070175517e-01 8.596491228070175517e-01 8.596491228070175517e-01 8.157894736842105088e-01 7.894736842105263275e-01 7.017543859649122417e-01
8.771929824561403022e-01 8.771929824561403022e-01 8.771929824561403022e-01 8.771929824561403022e-01 8.771929824561403022e-01 8.771929824561403022e-01 8.771929824561403022e-01 8.771929824561403022e-01 8.771929824561403022e-01 8.771929824561403022e-01 8.771929824561403022e-01 8.771929824561403022e-01 8.771929824561403022e-01 8.684210526315789824e-01 8.684210526315789824e-01 8.684210526315789824e-01 7.982456140350877583e-01 6.754385964912280604e-01 5.964912280701754055e-01 5.964912280701754055e-01
0.000000000000000000e+00 0.000000000000000000e+00 0.000000000000000000e+00 0.000000000000000000e+00 0.000000000000000000e+00 0.000000000000000000e+00 0.000000000000000000e+00 0.000000000000000000e+00 0.000000000000000000e+00 0.000000000000000000e+00 0.000000000000000000e+00 0.000000000000000000e+00 0.000000000000000000e+00 0.000000000000000000e+00 0.000000000000000000e+00 0.000000000000000000e+00 8.508771929824561209e-01 5.964912280701754055e-01 5.964912280701754055e-01 5.964912280701754055e-01
0.000000000000000000e+00 0.000000000000000000e+00 0.000000000000000000e+00 0.000000000000000000e+00 0.000000000000000000e+00 0.000000000000000000e+00 0.000000000000000000e+00 0.000000000000000000e+00 0.000000000000000000e+00 0.000000000000000000e+00 0.000000000000000000e+00 0.000000000000000000e+00 0.000000000000000000e+00 0.000000000000000000e+00 0.000000000000000000e+00 4.035087719298245390e-01 4.035087719298245390e-01 5.964912280701754055e-01 5.964912280701754055e-01 5.964912280701754055e-01
0.000000000000000000e+00 0.000000000000000000e+00 0.000000000000000000e+00 0.000000000000000000e+00 0.000000000000000000e+00 0.000000000000000000e+00 0.000000000000000000e+00 0.000000000000000000e+00 0.000000000000000000e+00 0.000000000000000000e+00 0.000000000000000000e+00 0.000000000000000000e+00 0.000000000000000000e+00 0.000000000000000000e+00 0.000000000000000000e+00 4.035087719298245390e-01 0.000000000000000000e+00 5.964912280701754055e-01 5.964912280701754055e-01 5.964912280701754055e-01
0.000000000000000000e+00 0.000000000000000000e+00 0.000000000000000000e+00 0.000000000000000000e+00 0.000000000000000000e+00 0.000000000000000000e+00 0.000000000000000000e+00 0.000000000000000000e+00 0.000000000000000000e+00 0.000000000000000000e+00 0.000000000000000000e+00 0.000000000000000000e+00 0.000000000000000000e+00 0.000000000000000000e+00 0.000000000000000000e+00 0.000000000000000000e+00 0.000000000000000000e+00 5.964912280701754055e-01 5.964912280701754055e-01 5.964912280701754055e-01
0.000000000000000000e+00 0.000000000000000000e+00 0.000000000000000000e+00 0.000000000000000000e+00 0.000000000000000000e+00 0.000000000000000000e+00 0.000000000000000000e+00 0.000000000000000000e+00 0.000000000000000000e+00 0.000000000000000000e+00 0.000000000000000000e+00 0.000000000000000000e+00 0.000000000000000000e+00 0.000000000000000000e+00 0.000000000000000000e+00 5.964912280701754055e-01 5.964912280701754055e-01 5.964912280701754055e-01 5.964912280701754055e-01 5.964912280701754055e-01
0.000000000000000000e+00 0.000000000000000000e+00 0.000000000000000000e+00 0.000000000000000000e+00 0.000000000000000000e+00 0.000000000000000000e+00 0.000000000000000000e+00 0.000000000000000000e+00 0.000000000000000000e+00 0.000000000000000000e+00 0.000000000000000000e+00 0.000000000000000000e+00 0.000000000000000000e+00 0.000000000000000000e+00 0.000000000000000000e+00 0.000000000000000000e+00 0.000000000000000000e+00 4.035087719298245390e-01 4.035087719298245390e-01 4.035087719298245390e-01
0.000000000000000000e+00 0.000000000000000000e+00 0.000000000000000000e+00 0.000000000000000000e+00 0.000000000000000000e+00 0.000000000000000000e+00 0.000000000000000000e+00 0.000000000000000000e+00 0.000000000000000000e+00 0.000000000000000000e+00 0.000000000000000000e+00 0.000000000000000000e+00 0.000000000000000000e+00 0.000000000000000000e+00 0.000000000000000000e+00 0.000000000000000000e+00 0.000000000000000000e+00 0.000000000000000000e+00 0.000000000000000000e+00 0.000000000000000000e+00
0.000000000000000000e+00 0.000000000000000000e+00 0.000000000000000000e+00 0.000000000000000000e+00 0.000000000000000000e+00 0.000000000000000000e+00 0.000000000000000000e+00 0.000000000000000000e+00 0.000000000000000000e+00 0.000000000000000000e+00 0.000000000000000000e+00 0.000000000000000000e+00 0.000000000000000000e+00 0.000000000000000000e+00 0.000000000000000000e+00 0.000000000000000000e+00 0.000000000000000000e+00 0.000000000000000000e+00 0.000000000000000000e+00 0.000000000000000000e+00
