5.614035087719297934e-01 5.614035087719297934e-01 5.614035087719297934e-01 5.614035087719297934e-01 5.614035087719297934e-01 5.614035087719297934e-01 5.614035087719297934e-01 5.614035087719297934e-01 5.614035087719297934e-01 5.614035087719297934e-01 5.614035087719297934e-01 5.614035087719297934e-01 5.614035087719297934e-01 5.614035087719297934e-01 5.614035087719297934e-01 5.614035087719297934e-01 5.614035087719297934e-01 5.614035087719297934e-01 5.614035087719297934e-01 5.614035087719297934e-01
6.140350877192982670e-01 6.140350877192982670e-01 6.140350877192982670e-01 6.140350877192982670e-01 6.140350877192982670e-01 6.052631578947368363e-01 6.052631578947368363e-01 5.964912280701754055e-01 5.877192982456140857e-01 5.701754385964912242e-01 5.614035087719297934e-01 5.614035087719297934e-01 5.614035087719297934e-01 5.614035087719297934e-01 5.614035087719297934e-01 5.614035087719297934e-01 5.614035087719297934e-01 5.614035087719297934e-01 5.614035087719297934e-01 5.614035087719297934e-01
9.385964912280702066e-01 9.385964912280702066e-01 9.385964912280702066e-01 9.385964912280702066e-01 9.385964912280702066e-01 9.385964912280702066e-01 9.385964912280702066e-01 9.385964912280702066e-01 9.385964912280702066e-01 9.385964912280702066e-01 9.298245614035087758e-01 9.122807017543859143e-01 5.614035087719297934e-01 5.614035087719297934e-01 5.614035087719297934e-01 5.614035087719297934e-01 5.614035087719297934e-01 5.614035087719297934e-01 5.614035087719297934e-01 5.614035087719297934e-01
9.385964912280702066e-01 9.385964912280702066e-01 9.385964912280702066e-01 9.385964912280702066e-01 9.385964912280702066e-01 9.385964912280702066e-01 9.385964912280702066e-01 9.385964912280702066e-01 9.385964912280702066e-01 9.385964912280702066e-01 9.385964912280702066e-01 9.385964912280702066e-01 4.385964912280701511e-01 4.385964912280701511e-01 4.385964912280701511e-01 5.614035087719297934e-01 5.614035087719297934e-01 5.614035087719297934e-01 5.614035087719297934e-01 5.614035087719297934e-01
9.385964912280702066e-01 9.385964912280702066e-01 9.385964912280702066e-01 9.385964912280702066e-01 9.385964912280702066e-01 9.385964912280702066e-01 9.385964912280702066e-01 9.385964912280702066e-01 9.385964912280702066e-01 9.385964912280702066e-01 9.385964912280702066e-01 9.385964912280702066e-01 4.385964912280701511e-01 4.385964912280701511e-01 4.385964912280701511e-01 4.385964912280701511e-01 4.385964912280701511e-01 5.614035087719297934e-01 5.614035087719297934e-01 4.385964912280701511e-01
9.385964912280702066e-01 9.385964912280702066e-01 9.385964912280702066e-01 9.298245614035087758e-01 9.473684210526315264e-01 9.473684210526315264e-01 9.473684210526315264e-01 9.385964912280702066e-01 9.473684210526315264e-01 9.473684210526315264e-01 9.385964912280702066e-01 9.385964912280702066e-01 4.385964912280701511e-01 4.385964912280701511e-01 4.385964912280701511e-01 4.385964912280701511e-01 4.385964912280701511e-01 4.385964912280701511e-01 4.385964912280701511e-01 4.385964912280701511e-01
9.385964912280702066e-01 9.385964912280702066e-01 9.473684210526315264e-01 9.385964912280702066e-01 9.298245614035087758e-01 9.298245614035087758e-01 9.385964912280702066e-01 9.298245614035087758e-01 9.736842105263158187e-01 9.561403508771929571e-01 9.561403508771929571e-01 9.298245614035087758e-01 4.385964912280701511e-01 4.385964912280701511e-01 4.385964912280701511e-01 4.385964912280701511e-01 4.385964912280701511e-01 4.385964912280701511e-01 4.385964912280701511e-01 4.385964912280701511e-01
9.298245614035087758e-01 9.210526315789473450e-01 4.385964912280701511e-01 9.473684210526315264e-01 8.596491228070175517e-01 9.298245614035087758e-01 9.385964912280702066e-01 9.210526315789473450e-01 9.298245614035087758e-01 9.210526315789473450e-01 9.210526315789473450e-01 4.385964912280701511e-01 4.385964912280701511e-01 4.385964912280701511e-01 4.385964912280701511e-01 4.385964912280701511e-01 4.385964912280701511e-01 4.385964912280701511e-01 4.385964912280701511e-01 4.385964912280701511e-01
7.894736842105263275e-01 4.385964912280701511e-01 8.859649122807017330e-01 9.035087719298245945e-01 4.385964912280701511e-01 4.385964912280701511e-01 4.385964912280701511e-01 4.385964912280701511e-01 4.385964912280701511e-01 4.385964912280701511e-01 4.385964912280701511e-01 4.385964912280701511e-01 4.385964912280701511e-01 4.385964912280701511e-01 4.385964912280701511e-01 4.385964912280701511e-01 4.385964912280701511e-01 4.385964912280701511e-01 4.385964912280701511e-01 4.385964912280701511e-01
4.385964912280701511e-01 4.385964912280701511e-01 4.385964912280701511e-01 4.385964912280701511e-01 4.385964912280701511e-01 4.385964912280701511e-01 4.385964912280701511e-01 4.385964912280701511e-01 4.385964912280701511e-01 4.385964912280701511e-01 4.385964912280701511e-01 4.385964912280701511e-01 4.385964912280701511e-01 4.385964912280701511e-01 4.385964912280701511e-01 4.385964912280701511e-01 4.385964912280701511e-01 4.385964912280701511e-01 4.385964912280701511e-01 4.385964912280701511e-01
4.385964912280701511e-01 4.385964912280701511e-01 4.385964912280701511e-01 4.385964912280701511e-01 4.385964912280701511e-01 4.385964912280701511e-01 4.385964912280701511e-01 4.385964912280701511e-01 4.385964912280701511e-01 4.385964912280701511e-01 4.385964912280701511e-01 4.385964912280701511e-01 4.385964912280701511e-01 4.385964912280701511e-01 4.385964912280701511e-01 4.385964912280701511e-01 4.385964912280701511e-01 4.385964912280701511e-01 4.385964912280701511e-01 4.385964912280701511e-01
