9.736842105263158187e-01 9.736842105263158187e-01 9.736842105263158187e-01 9.736842105263158187e-01 9.736842105263158187e-01 9.736842105263158187e-01 9.736842105263158187e-01 9.736842105263158187e-01 9.736842105263158187e-01 9.736842105263158187e-01 9.473684210526315264e-01 9.122807017543859143e-01 5.964912280701754055e-01 5.964912280701754055e-01 5.964912280701754055e-01 5.964912280701754055e-01 5.964912280701754055e-01 5.964912280701754055e-01 5.964912280701754055e-01 5.964912280701754055e-01
9.824561403508771384e-01 9.824561403508771384e-01 9.824561403508771384e-01 9.824561403508771384e-01 9.824561403508771384e-01 9.824561403508771384e-01 9.824561403508771384e-01 9.824561403508771384e-01 9.736842105263158187e-01 9.736842105263158187e-01 9.736842105263158187e-01 9.385964912280702066e-01 5.964912280701754055e-01 5.964912280701754055e-01 5.964912280701754055e-01 5.964912280701754055e-01 5.964912280701754055e-01 5.964912280701754055e-01 5.964912280701754055e-01 5.964912280701754055e-01
9.824561403508771384e-01 9.824561403508771384e-01 9.824561403508771384e-01 9.824561403508771384e-01 9.824561403508771384e-01 9.824561403508771384e-01 9.824561403508771384e-01 9.736842105263158187e-01 9.736842105263158187e-01 9.736842105263158187e-01 9.736842105263158187e-01 9.385964912280702066e-01 5.964912280701754055e-01 5.964912280701754055e-01 5.964912280701754055e-01 5.964912280701754055e-01 5.964912280701754055e-01 5.964912280701754055e-01 5.964912280701754055e-01 5.964912280701754055e-01
9.824561403508771384e-01 9.824561403508771384e-01 9.824561403508771384e-01 9.824561403508771384e-01 9.824561403508771384e-01 9.824561403508771384e-01 9.824561403508771384e-01 9.912280701754385692e-01 9.824561403508771384e-01 9.736842105263158187e-01 9.561403508771929571e-01 9.210526315789473450e-01 5.964912280701754055e-01 5.964912280701754055e-01 5.964912280701754055e-01 5.964912280701754055e-01 5.964912280701754055e-01 5.964912280701754055e-01 5.964912280701754055e-01 5.964912280701754055e-01
9.736842105263158187e-01 9.736842105263158187e-01 9.736842105263158187e-01 9.736842105263158187e-01 9.736842105263158187e-01 9.736842105263158187e-01 9.649122807017543879e-01 9.736842105263158187e-01 9.561403508771929571e-01 9.736842105263158187e-01 9.298245614035087758e-01 9.122807017543859143e-01 5.964912280701754055e-01 5.964912280701754055e-01 5.964912280701754055e-01 5.964912280701754055e-01 5.964912280701754055e-01 5.964912280701754055e-01 5.964912280701754055e-01 5.964912280701754055e-01
9.912280701754385692e-01 9.912280701754385692e-01 9.912280701754385692e-01 9.912280701754385692e-01 9.736842105263158187e-01 9.736842105263158187e-01 9.736842105263158187e-01 9.649122807017543879e-01 9.736842105263158187e-01 9.736842105263158187e-01 8.771929824561403022e-01 9.649122807017543879e-01 5.964912280701754055e-01 5.964912280701754055e-01 5.964912280701754055e-01 5.964912280701754055e-01 5.964912280701754055e-01 5.964912280701754055e-01 5.964912280701754055e-01 5.964912280701754055e-01
9.824561403508771384e-01 9.736842105263158187e-01 9.649122807017543879e-01 9.736842105263158187e-01 9.649122807017543879e-01 9.736842105263158187e-01 9.561403508771929571e-01 9.649122807017543879e-01 9.473684210526315264e-01 8.859649122807017330e-01 9.210526315789473450e-01 8.947368421052631637e-01 4.035087719298245390e-01 5.964912280701754055e-01 5.964912280701754055e-01 5.964912280701754055e-01 5.964912280701754055e-01 5.964912280701754055e-01 5.964912280701754055e-01 5.964912280701754055e-01
9.473684210526315264e-01 8.771929824561403022e-01 7.456140350877192846e-01 8.947368421052631637e-01 8.684210526315789824e-01 8.947368421052631637e-01 9.122807017543859143e-01 9.473684210526315264e-01 9.649122807017543879e-01 9.561403508771929571e-01 8.947368421052631637e-01 5.964912280701754055e-01 5.964912280701754055e-01 5.964912280701754055e-01 5.964912280701754055e-01 5.964912280701754055e-01 5.964912280701754055e-01 5.964912280701754055e-01 4.035087719298245390e-01 4.035087719298245390e-01
9.210526315789473450e-01 5.964912280701754055e-01 5.964912280701754055e-01 4.035087719298245390e-01 4.035087719298245390e-01 5.964912280701754055e-01 5.964912280701754055e-01 4.035087719298245390e-01 5.964912280701754055e-01 5.964912280701754055e-01 5.964912280701754055e-01 5.964912280701754055e-01 5.964912280701754055e-01 5.964912280701754055e-01 5.964912280701754055e-01 5.964912280701754055e-01 5.964912280701754055e-01 4.035087719298245390e-01 4.035087719298245390e-01 4.035087719298245390e-01
5.964912280701754055e-01 4.035087719298245390e-01 5.964912280701754055e-01 4.035087719298245390e-01 5.964912280701754055e-01 5.964912280701754055e-01 5.964912280701754055e-01 5.964912280701754055e-01 5.964912280701754055e-01 5.964912280701754055e-01 5.964912280701754055e-01 5.964912280701754055e-01 5.964912280701754055e-01 5.964912280701754055e-01 5.964912280701754055e-01 4.035087719298245390e-01 4.035087719298245390e-01 4.035087719298245390e-01 4.035087719298245390e-01 4.035087719298245390e-01
5.964912280701754055e-01 4.035087719298245390e-01 4.035087719298245390e-01 5.964912280701754055e-01 5.964912280701754055e-01 4.035087719298245390e-01 5.964912280701754055e-01 5.964912280701754055e-01 5.964912280701754055e-01 5.964912280701754055e-01 5.964912280701754055e-01 5.964912280701754055e-01 5.964912280701754055e-01 5.964912280701754055e-01 4.035087719298245390e-01 4.035087719298245390e-01 4.035087719298245390e-01 4.035087719298245390e-01 4.035087719298245390e-01 4.035087719298245390e-01
