5.614035087719297934e-01 5.614035087719297934e-01 5.614035087719297934e-01 5.614035087719297934e-01 5.614035087719297934e-01 5.614035087719297934e-01 5.614035087719297934e-01 5.614035087719297934e-01 5.614035087719297934e-01 5.614035087719297934e-01 5.614035087719297934e-01 5.614035087719297934e-01 5.614035087719297934e-01 5.614035087719297934e-01 5.614035087719297934e-01 5.614035087719297934e-01 5.614035087719297934e-01 5.614035087719297934e-01 5.614035087719297934e-01 5.614035087719297934e-01
5.614035087719297934e-01 5.614035087719297934e-01 5.614035087719297934e-01 5.614035087719297934e-01 5.614035087719297934e-01 5.614035087719297934e-01 5.614035087719297934e-01 5.614035087719297934e-01 5.614035087719297934e-01 5.614035087719297934e-01 5.614035087719297934e-01 5.614035087719297934e-01 5.614035087719297934e-01 5.614035087719297934e-01 5.614035087719297934e-01 5.614035087719297934e-01 5.614035087719297934e-01 5.614035087719297934e-01 5.614035087719297934e-01 5.614035087719297934e-01
5.614035087719297934e-01 5.614035087719297934e-01 5.614035087719297934e-01 5.614035087719297934e-01 5.614035087719297934e-01 5.614035087719297934e-01 5.614035087719297934e-01 5.614035087719297934e-01 5.614035087719297934e-01 5.614035087719297934e-01 5.614035087719297934e-01 5.614035087719297934e-01 5.614035087719297934e-01 5.614035087719297934e-01 5.614035087719297934e-01 5.614035087719297934e-01 5.614035087719297934e-01 5.614035087719297934e-01 5.614035087719297934e-01 5.614035087719297934e-01
8.508771929824561209e-01 8.508771929824561209e-01 8.508771929824561209e-01 8.508771929824561209e-01 8.508771929824561209e-01 8.508771929824561209e-01 8.421052631578946901e-01 8.421052631578946901e-01 8.333333333333333703e-01 8.245614035087719396e-01 7.631578947368421462e-01 5.877192982456140857e-01 5.614035087719297934e-01 5.614035087719297934e-01 5.614035087719297934e-01 5.614035087719297934e-01 5.614035087719297934e-01 5.614035087719297934e-01 5.614035087719297934e-01 5.614035087719297934e-01
9.298245614035087758e-01 9.298245614035087758e-01 9.298245614035087758e-01 9.298245614035087758e-01 9.298245614035087758e-01 9.298245614035087758e-01 9.298245614035087758e-01 9.298245614035087758e-01 9.298245614035087758e-01 9.298245614035087758e-01 9.210526315789473450e-01 9.210526315789473450e-01 5.614035087719297934e-01 5.614035087719297934e-01 5.614035087719297934e-01 5.614035087719297934e-01 5.614035087719297934e-01 5.614035087719297934e-01 5.614035087719297934e-01 5.614035087719297934e-01
9.385964912280702066e-01 9.385964912280702066e-01 9.385964912280702066e-01 9.385964912280702066e-01 9.385964912280702066e-01 9.385964912280702066e-01 9.385964912280702066e-01 9.385964912280702066e-01 9.385964912280702066e-01 9.385964912280702066e-01 9.210526315789473450e-01 9.210526315789473450e-01 5.614035087719297934e-01 5.614035087719297934e-01 5.614035087719297934e-01 5.614035087719297934e-01 5.614035087719297934e-01 5.614035087719297934e-01 5.614035087719297934e-01 5.614035087719297934e-01
9.385964912280702066e-01 9.385964912280702066e-01 9.385964912280702066e-01 9.385964912280702066e-01 9.385964912280702066e-01 9.385964912280702066e-01 9.385964912280702066e-01 9.385964912280702066e-01 9.385964912280702066e-01 9.385964912280702066e-01 9.298245614035087758e-01 9.210526315789473450e-01 5.614035087719297934e-01 5.614035087719297934e-01 5.614035087719297934e-01 5.614035087719297934e-01 5.614035087719297934e-01 5.614035087719297934e-01 5.614035087719297934e-01 5.614035087719297934e-01
9.385964912280702066e-01 9.385964912280702066e-01 9.385964912280702066e-01 9.385964912280702066e-01 9.385964912280702066e-01 9.385964912280702066e-01 9.385964912280702066e-01 9.385964912280702066e-01 9.385964912280702066e-01 9.385964912280702066e-01 9.210526315789473450e-01 9.035087719298245945e-01 5.614035087719297934e-01 5.614035087719297934e-01 5.614035087719297934e-01 5.614035087719297934e-01 5.614035087719297934e-01 5.614035087719297934e-01 5.614035087719297934e-01 0.000000000000000000e+00
9.385964912280702066e-01 9.385964912280702066e-01 9.210526315789473450e-01 9.298245614035087758e-01 9.473684210526315264e-01 9.385964912280702066e-01 9.385964912280702066e-01 9.385964912280702066e-01 9.298245614035087758e-01 9.385964912280702066e-01 8.947368421052631637e-01 9.298245614035087758e-01 4.385964912280701511e-01 4.385964912280701511e-01 4.385964912280701511e-01 4.385964912280701511e-01 4.385964912280701511e-01 0.000000000000000000e+00 0.000000000000000000e+00 0.000000000000000000e+00
0.000000000000000000e+00 0.000000000000000000e+00 0.000000000000000000e+00 0.000000000000000000e+00 0.000000000000000000e+00 0.000000000000000000e+00 0.000000000000000000e+00 9.298245614035087758e-01 9.035087719298245945e-01 9.298245614035087758e-01 9.210526315789473450e-01 4.385964912280701511e-01 4.385964912280701511e-01 4.385964912280701511e-01 4.385964912280701511e-01 4.385964912280701511e-01 0.000000000000000000e+00 0.000000000000000000e+00 0.000000000000000000e+00 0.000000000000000000e+00
0.000000000000000000e+00 0.000000000000000000e+00 0.000000000000000000e+00 0.000000000000000000e+00 0.000000000000000000e+00 0.000000000000000000e+00 4.385964912280701511e-01 0.000000000000000000e+00 0.000000000000000000e+00 4.385964912280701511e-01 4.385964912280701511e-01 4.385964912280701511e-01 4.385964912280701511e-01 4.385964912280701511e-01 0.000000000000000000e+00 0.000000000000000000e+00 0.000000000000000000e+00 0.000000000000000000e+00 0.000000000000000000e+00 0.000000000000000000e+00
