5.614035087719297934e-01 5.614035087719297934e-01 5.614035087719297934e-01 5.614035087719297934e-01 5.614035087719297934e-01 5.614035087719297934e-01 5.614035087719297934e-01 5.614035087719297934e-01 5.614035087719297934e-01 5.614035087719297934e-01 5.614035087719297934e-01 5.614035087719297934e-01 5.614035087719297934e-01 5.614035087719297934e-01 5.614035087719297934e-01 5.614035087719297934e-01 5.614035087719297934e-01 5.614035087719297934e-01 5.614035087719297934e-01 5.614035087719297934e-01
9.385964912280702066e-01 9.298245614035087758e-01 9.298245614035087758e-01 9.298245614035087758e-01 9.298245614035087758e-01 9.298245614035087758e-01 9.210526315789473450e-01 9.210526315789473450e-01 9.035087719298245945e-01 8.859649122807017330e-01 8.421052631578946901e-01 6.403508771929824483e-01 5.614035087719297934e-01 5.614035087719297934e-01 5.614035087719297934e-01 5.614035087719297934e-01 5.614035087719297934e-01 5.614035087719297934e-01 5.614035087719297934e-01 5.614035087719297934e-01
9.824561403508771384e-01 9.824561403508771384e-01 9.824561403508771384e-01 9.824561403508771384e-01 9.824561403508771384e-01 9.824561403508771384e-01 9.824561403508771384e-01 9.824561403508771384e-01 9.824561403508771384e-01 9.824561403508771384e-01 9.736842105263158187e-01 9.561403508771929571e-01 5.614035087719297934e-01 5.614035087719297934e-01 5.614035087719297934e-01 5.614035087719297934e-01 5.614035087719297934e-01 5.614035087719297934e-01 5.614035087719297934e-01 5.614035087719297934e-01
1.000000000000000000e+00 1.000000000000000000e+00 1.000000000000000000e+00 1.000000000000000000e+00 1.000000000000000000e+00 1.000000000000000000e+00 1.000000000000000000e+00 1.000000000000000000e+00 9.912280701754385692e-01 9.912280701754385692e-01 9.736842105263158187e-01 9.561403508771929571e-01 5.614035087719297934e-01 5.614035087719297934e-01 5.614035087719297934e-01 5.614035087719297934e-01 5.614035087719297934e-01 5.614035087719297934e-01 5.614035087719297934e-01 5.614035087719297934e-01
9.912280701754385692e-01 9.912280701754385692e-01 9.912280701754385692e-01 9.912280701754385692e-01 9.912280701754385692e-01 9.912280701754385692e-01 9.912280701754385692e-01 9.912280701754385692e-01 9.912280701754385692e-01 9.736842105263158187e-01 9.649122807017543879e-01 9.385964912280702066e-01 5.614035087719297934e-01 5.614035087719297934e-01 5.614035087719297934e-01 5.614035087719297934e-01 5.614035087719297934e-01 5.614035087719297934e-01 5.614035087719297934e-01 5.614035087719297934e-01
9.912280701754385692e-01 9.912280701754385692e-01 9.912280701754385692e-01 9.912280701754385692e-01 9.912280701754385692e-01 9.912280701754385692e-01 9.824561403508771384e-01 9.912280701754385692e-01 9.824561403508771384e-01 9.736842105263158187e-01 9.736842105263158187e-01 9.561403508771929571e-01 5.614035087719297934e-01 5.614035087719297934e-01 5.614035087719297934e-01 5.614035087719297934e-01 5.614035087719297934e-01 5.614035087719297934e-01 5.614035087719297934e-01 5.614035087719297934e-01
9.912280701754385692e-01 9.912280701754385692e-01 9.912280701754385692e-01 9.912280701754385692e-01 9.912280701754385692e-01 9.912280701754385692e-01 9.824561403508771384e-01 9.912280701754385692e-01 1.000000000000000000e+00 9.912280701754385692e-01 9.824561403508771384e-01 9.824561403508771384e-01 5.614035087719297934e-01 5.614035087719297934e-01 5.614035087719297934e-01 5.614035087719297934e-01 5.614035087719297934e-01 5.614035087719297934e-01 5.614035087719297934e-01 5.614035087719297934e-01
9.912280701754385692e-01 9.912280701754385692e-01 9.912280701754385692e-01 9.824561403508771384e-01 9.912280701754385692e-01 9.824561403508771384e-01 9.736842105263158187e-01 9.912280701754385692e-01 9.912280701754385692e-01 9.912280701754385692e-01 9.824561403508771384e-01 9.561403508771929571e-01 5.614035087719297934e-01 5.614035087719297934e-01 5.614035087719297934e-01 5.614035087719297934e-01 5.614035087719297934e-01 5.614035087719297934e-01 5.614035087719297934e-01 0.000000000000000000e+00
9.912280701754385692e-01 9.824561403508771384e-01 1.000000000000000000e+00 9.824561403508771384e-01 1.000000000000000000e+00 9.912280701754385692e-01 9.912280701754385692e-01 9.912280701754385692e-01 9.561403508771929571e-01 8.859649122807017330e-01 8.947368421052631637e-01 6.491228070175438791e-01 4.385964912280701511e-01 4.385964912280701511e-01 4.385964912280701511e-01 4.385964912280701511e-01 4.385964912280701511e-01 0.000000000000000000e+00 0.000000000000000000e+00 0.000000000000000000e+00
0.000000000000000000e+00 0.000000000000000000e+00 0.000000000000000000e+00 0.000000000000000000e+00 0.000000000000000000e+00 0.000000000000000000e+00 0.000000000000000000e+00 0.000000000000000000e+00 4.385964912280701511e-01 4.385964912280701511e-01 4.385964912280701511e-01 4.385964912280701511e-01 4.385964912280701511e-01 4.385964912280701511e-01 4.385964912280701511e-01 0.000000000000000000e+00 0.000000000000000000e+00 0.000000000000000000e+00 0.000000000000000000e+00 0.000000000000000000e+00
0.000000000000000000e+00 0.000000000000000000e+00 0.000000000000000000e+00 0.000000000000000000e+00 0.000000000000000000e+00 0.000000000000000000e+00 0.000000000000000000e+00 0.000000000000000000e+00 0.000000000000000000e+00 0.000000000000000000e+00 0.000000000000000000e+00 0.000000000000000000e+00 0.000000000000000000e+00 0.000000000000000000e+00 0.000000000000000000e+00 0.000000000000000000e+00 0.000000000000000000e+00 0.000000000000000000e+00 0.000000000000000000e+00 0.000000000000000000e+00
